,ID,Block Description,Start X,Start Y,End X,End Y,Slope
0,2543856767968,C-PR-WATER,2705620.72,272028.67,2705514.37,272102.75,3.0442856190526572e-05
1,2543856768064,C-PR-WATER,2705681.05,271985.92,2705681.05,271985.92,0.0
2,2543856768112,C-PR-WATER,2705744.7,271941.66,2705744.69,271941.67,4.108795957247693e-09
3,2543856768432,C-PR-WATER,2706181.77,271632.52,2706180.1,271642.28,4.008974483710962e-06
4,2543856768512,C-PR-WATER,2706514.19,271396.32,2706588.37,271343.73,-2.1595366287317076e-05
5,2543856768528,C-PR-WATER,2706595.38,271338.77,2706671.57,271284.77,-2.2173069181454052e-05
6,2543856768544,C-PR-WATER,2706671.57,271284.77,2706766.25,271217.67,-2.7550261387122452e-05
7,2543856775184,C-PR-WATER,2706589.72,271342.17,2706594.06,271339.09,-1.2647546305831336e-06
8,2543856779712,C-PR-WATER,2706588.37,271343.73,2706589.72,271342.17,-6.40591959531043e-07
9,2543856779728,C-PR-WATER,2706594.06,271339.08,2706595.99,271338.33,-3.079756250515192e-07
10,2543856812416,C-PR-WATER,2706791.43,270958.75,2706787.09,270925.71,-1.3563990246431448e-05
11,2543856813600,C-PR-WATER,2706791.43,270958.74,2706788.0,270963.22,1.8392127532183874e-06
12,2543856788288,C-PR-WATER,2706787.09,270925.71,2706782.61,270922.28,-1.4081267130751356e-06
13,2543856808480,C-PR-WATER,2706784.55,270819.95,2706771.41,270837.06,7.0239988199953044e-06
14,2543856829968,C-PR-WATER,2706732.05,270796.06,2706730.14,270781.55,-5.956611752635269e-06
15,2543856829984,C-PR-WATER,2706729.82,270779.58,2706729.64,270778.09,-6.116706220986565e-07
16,2543856816160,C-PR-WATER,2706500.01,270603.15,2706521.33,270765.16,6.651322574703819e-05
17,2543856816176,C-PR-WATER,2706521.58,270767.14,2706530.34,270833.72,2.7335095616283315e-05
18,2543856816192,C-PR-WATER,2706530.6,270835.71,2706551.53,270994.83,6.533208608939195e-05
19,2543856816208,C-PR-WATER,2706508.29,270808.75,2706514.06,270804.66,-1.6791822538540975e-06
20,2543856816400,C-PR-WATER,2706526.31,270803.05,2706514.06,270804.66,6.609983933165551e-07
21,2543856837184,C-PR-WATER,2706199.4,271620.02,2706194.76,271613.46,-2.694508497209632e-06
22,2543856837200,C-PR-WATER,2706193.6,271611.83,2706064.99,271430.23,-7.45902436717181e-05
23,2543856845440,C-PR-WATER,2706180.89,271593.87,2706182.11,271593.0,-3.573498281175436e-07
24,2543856845456,C-PR-WATER,2706183.74,271591.85,2706192.81,271585.41,-2.6451903497879487e-06
25,2543856825024,C-PR-WATER,2705414.02,271669.5,2705415.71,271669.27,-9.450450392086596e-08
26,2543856825424,C-PR-WATER,2705448.09,271664.79,2705448.3,271666.28,6.122158795671006e-07
27,2543856825440,C-PR-WATER,2705448.57,271668.26,2705449.81,271677.24,3.6897449296099893e-06
28,2543856882704,C-PR-WATER,2705793.27,271591.01,2705666.62,271634.86,1.8015377087756944e-05
29,2543856882720,C-PR-WATER,2706529.06,271102.62,2706084.59,271416.35,0.0001288594457534721
30,2543856882736,C-PR-WATER,2706082.96,271417.5,2706043.7,271445.32,1.1426936051771701e-05
31,2543856882752,C-PR-WATER,2706042.07,271446.48,2705915.09,271536.48,3.697042014347966e-05
32,2543856883040,C-PR-WATER,2705915.09,271536.48,2705793.25,271591.02,2.2405697985100134e-05
33,2543856858928,C-PR-WATER,2706544.29,271076.62,2706529.06,271102.63,1.0679854533733261e-05
34,2543856858944,C-PR-WATER,2706544.29,271076.62,2706560.9,271010.49,-2.7151973421894663e-05
35,2543856869744,C-PR-WATER,2706560.9,271010.49,2706551.53,270994.83,-6.429741504262409e-06
36,2543856873616,C-PR-WATER,2706506.21,270542.68,2706489.82,270564.03,8.764634820847693e-06
37,2543856873632,C-PR-WATER,2706459.22,270536.44,2706041.03,270832.84,0.00012171443953628593
38,2543856873648,C-PR-WATER,2706039.4,270834.0,2705999.94,270861.96,1.148189557620918e-05
39,2543856873664,C-PR-WATER,2705998.31,270863.12,2705820.65,270989.03,5.1711994770312944e-05
40,2543199075200,C-PR-WATER,2706411.22,270570.47,2706412.09,270571.7,5.049591939969357e-07
41,2543199075216,C-PR-WATER,2706413.25,270573.33,2706418.47,270580.7,3.0256530589864955e-06
42,2543199067936,C-PR-WATER,2706459.22,270536.44,2706464.23,270507.26,-1.197886512748746e-05
43,2543199083584,C-PR-WATER,2706483.3,270493.79,2706464.23,270507.26,5.529654327198674e-06
44,2543199091664,C-PR-WATER,2706024.14,270844.82,2706007.28,270821.04,-9.765166872833489e-06
45,2543199091680,C-PR-WATER,2706006.13,270819.41,2705972.63,270772.15,-1.940702639806933e-05
46,2543199063872,C-PR-WATER,2705872.76,271229.67,2705871.53,271227.93,-7.146836604711618e-07
47,2543199099120,C-PR-WATER,2705983.95,270873.29,2705982.18,270870.79,-1.0266470808138267e-06
48,2543199099136,C-PR-WATER,2705981.02,270869.16,2705974.19,270859.52,-3.958745811323851e-06
49,2543199096064,C-PR-WATER,2705803.94,271006.69,2705820.65,270989.03,-7.25306828402959e-06
50,2543199131776,C-PR-WATER,2705803.94,271006.69,2705785.84,271054.07,1.9460049186446792e-05
51,2543199132256,C-PR-WATER,2705785.84,271054.07,2705787.19,271102.99,2.0092954971319772e-05
52,2543199132272,C-PR-WATER,2705787.19,271102.99,2705794.4,271119.11,6.6210061219273896e-06
53,2543199137168,C-PR-WATER,2705924.89,270665.3,2705903.54,270571.51,-3.8512202379229186e-05
54,2543199119632,C-PR-WATER,2705864.65,270524.36,2705871.2,270494.21,-1.2380013494323551e-05
55,2543199119648,C-PR-WATER,2705884.82,270555.75,2705864.65,270524.36,-1.2889369148495453e-05
56,2543199119840,C-PR-WATER,2705883.71,270480.84,2705884.5,270482.78,7.965831608274993e-07
57,2543199119856,C-PR-WATER,2705885.25,270484.64,2705885.81,270486.03,5.707481832875791e-07
58,2543199107088,C-PR-WATER,2705871.2,270494.21,2705880.91,270487.96,-2.5663209709135436e-06
59,2543199108272,C-PR-WATER,2705880.91,270487.96,2705896.93,270481.66,-2.586827830822694e-06
60,2543199140304,C-PR-WATER,2705896.93,270481.66,2705923.04,270493.02,4.664473997098975e-06
61,2543199141520,C-PR-WATER,2705923.04,270493.02,2705931.71,270515.04,9.041573982476034e-06
62,2543199144880,C-PR-WATER,2705931.71,270515.04,2705903.54,270571.51,2.318780326641138e-05
63,2543199145568,C-PR-WATER,2706696.23,270261.73,2706707.41,270260.26,-6.033375277489848e-07
64,2543199145584,C-PR-WATER,2706709.39,270260.0,2706710.88,270259.81,-7.79822760825352e-08
65,2543199145616,C-PR-WATER,2706708.6,270242.45,2706692.18,270244.61,8.865366226511447e-07
66,2543199145632,C-PR-WATER,2706690.19,270244.88,2706687.17,270245.27,1.6006948493783902e-07
67,2543199124592,C-PR-WATER,2706687.17,270245.27,2706685.45,270247.52,9.234793024257342e-07
68,2543199173008,C-PR-WATER,2706685.45,270247.52,2706682.77,270247.87,1.4365251457230274e-07
69,2543199152496,C-PR-WATER,2706675.63,270203.22,2706677.91,270202.92,-1.2312870077453922e-07
70,2543199152512,C-PR-WATER,2706702.7,270197.64,2706692.98,270198.92,5.253450114997333e-07
71,2543199152528,C-PR-WATER,2706692.98,270198.92,2706684.03,270200.09,4.802001691182539e-07
72,2543199153712,C-PR-WATER,2706679.63,270200.67,2706677.91,270202.92,9.234652558448794e-07
73,2543199177360,C-PR-WATER,2706644.51,269868.56,2706655.7,269867.09,-6.032529838409168e-07
74,2543199177376,C-PR-WATER,2706657.68,269866.83,2706659.16,269866.64,-7.797134899377002e-08
75,2543199164896,C-PR-WATER,2706619.99,269632.27,2706573.94,269496.54,-5.5693758433786135e-05
76,2543199165584,C-PR-WATER,2706497.97,269387.97,2706496.75,269388.82,3.487740487697336e-07
77,2543199165600,C-PR-WATER,2706495.1,269389.97,2706488.6,269394.53,1.871080831958152e-06
78,2543199243456,C-PR-WATER,2706651.85,269811.04,2706650.45,269800.4,-4.366292460201136e-06
79,2543199243600,C-PR-WATER,2706649.63,269794.15,2706646.15,269767.72,-1.0845842646344581e-05
80,2543199227712,C-PR-WATER,2706646.15,269767.72,2706636.86,269760.59,-2.9258769054969087e-06
81,2543199227728,C-PR-WATER,2706651.85,269811.04,2706658.08,269858.4,1.9435327568675746e-05
82,2543199247536,C-PR-WATER,2706773.1,271212.2,2706773.75,271213.12,3.777364392623237e-07
83,2543199221760,C-PR-WATER,2705798.93,271019.82,2705797.66,271019.33,-2.012503536577339e-07
84,2543199223056,C-PR-WATER,2705795.66,271018.57,2705786.42,271015.04,-1.4498281148794923e-06
85,2543199308720,C-PR-WATER,2705620.71,272028.67,2705631.14,272030.52,7.601904703800266e-07
86,2543199308864,C-PR-WATER,2705631.14,272030.52,2705721.27,271967.55,-2.5873612224013474e-05
87,2543199289008,C-PR-WATER,2705675.8,271999.32,2705691.28,271988.51,-4.4417913860523215e-06
88,2543199289088,C-PR-WATER,2705721.27,271967.56,2705725.64,271964.51,-1.2532043356236685e-06
89,2543199296672,C-PR-WATER,2705725.63,271964.51,2705727.35,271953.96,-4.334832504676353e-06
90,2543199283904,C-PR-WATER,2705744.7,271941.66,2705755.07,271943.51,7.601245841871689e-07
91,2543199317168,C-PR-WATER,2705727.35,271953.96,2705744.7,271941.67,-5.0497102060215825e-06
92,2543199317328,C-PR-WATER,2705755.07,271943.51,2705902.16,271839.26,-4.282962449327007e-05
93,2543199320768,C-PR-WATER,2705946.15,271808.08,2705947.85,271797.69,-4.268430177706855e-06
94,2543199292640,C-PR-WATER,2705827.67,271892.05,2705827.1,271891.25,-3.2868573754249046e-07
95,2543199292656,C-PR-WATER,2705828.79,271891.26,2705828.14,271890.34,-3.779882953392243e-07
96,2543199293024,C-PR-WATER,2705947.85,271797.69,2706089.3,271697.43,-4.11848237071254e-05
97,2543199293104,C-PR-WATER,2705825.07,271888.38,2705826.32,271887.5,-3.6155387011932234e-07
98,2543199293120,C-PR-WATER,2705827.95,271886.34,2705830.52,271884.52,-7.477569346267275e-07
99,2543199293248,C-PR-WATER,2706181.77,271632.52,2706184.72,271630.42,-8.625808839157641e-07
100,2543199293264,C-PR-WATER,2706233.22,271596.05,2706319.1,271535.18,-2.5000165107052024e-05
101,2543199340672,C-PR-WATER,2706033.24,271457.03,2706039.81,271466.31,3.811755939991022e-06
102,2543199340688,C-PR-WATER,2706031.22,271454.18,2706032.05,271455.35,4.80576356449851e-07
103,2543199341280,C-PR-WATER,2706425.91,271459.5,2706460.68,271434.86,-1.0118989210559569e-05
104,2543199336528,C-PR-WATER,2706319.07,271535.21,2706328.76,271536.92,7.023187657646935e-07
105,2543199354544,C-PR-WATER,2706495.42,271409.63,2706504.89,271411.3,6.858052630263388e-07
106,2543199357152,C-PR-WATER,2706512.62,271405.82,2706514.16,271396.33,-3.897142012216586e-06
107,2543199358336,C-PR-WATER,2706504.88,271411.3,2706512.62,271405.82,-2.25041464299692e-06
108,2543199358384,C-PR-WATER,2706462.02,271433.29,2706495.29,271409.71,-9.683437901988681e-06
109,2543199358640,C-PR-WATER,2706766.95,271216.56,2706814.38,271182.94,-1.3803402045095683e-05
110,2543199358816,C-PR-WATER,2706814.38,271182.94,2706817.49,271176.71,-2.5578484525051238e-06
111,2543199358832,C-PR-WATER,2706823.54,271158.96,2706820.24,271171.19,5.021248853557688e-06
112,2543199332352,C-PR-WATER,2706823.97,271152.52,2706823.54,271158.96,2.6440422268662e-06
113,2543199333968,C-PR-WATER,2706534.26,270890.32,2706525.26,270891.5,4.844734948956428e-07
114,2543199333984,C-PR-WATER,2706537.71,270889.86,2706536.23,270890.06,8.211373329798619e-08
115,2543199383008,C-PR-WATER,2706552.34,270801.41,2706539.65,270803.08,6.856242257929846e-07
116,2543199383024,C-PR-WATER,2706751.13,270775.26,2706554.33,270801.15,1.0629155783351565e-05
117,2543199374992,C-PR-WATER,2706539.61,270803.05,2706537.66,270801.56,-6.117247266609411e-07
118,2543199375008,C-PR-WATER,2706526.31,270803.05,2706537.66,270801.56,-6.117247266609411e-07
119,2543199407008,C-PR-WATER,2706729.82,270779.58,2706729.63,270778.09,-6.116706246096697e-07
120,2543199407056,C-PR-WATER,2706778.21,270771.7,2706753.11,270775.0,1.3546919762708206e-06
121,2543199407136,C-PR-WATER,2706782.62,270922.28,2706771.41,270837.06,-3.4984522468772716e-05
122,2543199410992,C-PR-WATER,2706704.72,270213.02,2706658.08,269858.4,-0.0001455269396621044
123,2543199411248,C-PR-WATER,2706771.34,270719.54,2706704.98,270215.0,-0.0002070765749670676
124,2543199411632,C-PR-WATER,2706781.8,270799.05,2706771.6,270721.52,-3.1826110898331666e-05
125,2543199411808,C-PR-WATER,2706784.55,270819.95,2706782.06,270801.04,-7.762786263430163e-06
126,2543199411936,C-PR-WATER,2706619.99,269632.27,2706636.34,269756.63,5.1032473818736845e-05
127,2543199393888,C-PR-WATER,2706283.56,269090.26,2706482.08,269373.98,0.00011641666612981674
128,2543199394656,C-PR-WATER,2706283.56,269090.26,2706177.35,268988.52,-4.1744816301324786e-05
129,2543199395232,C-PR-WATER,2706115.21,268946.6,2706177.35,268988.52,1.720014447958959e-05
130,2543199448096,C-PR-WATER,2705902.16,271839.26,2705946.15,271808.08,-1.2809462365457772e-05
131,2543199423888,C-PR-WATER,2706412.02,271477.91,2706424.25,271469.25,-3.5565338989732414e-06
132,2543199485776,C-PR-WATER,2706425.91,271459.47,2706424.25,271469.25,4.01650133165826e-06
133,2543199455424,C-PR-WATER,2706462.02,271433.29,2706460.68,271434.86,6.44757023564943e-07
134,2543199488240,C-PR-WATER,2706298.15,271265.61,2706299.02,271266.83,5.010200707163005e-07
135,2543199488256,C-PR-WATER,2706300.18,271268.46,2706305.09,271275.39,2.845961180675955e-06
136,2543199461040,C-PR-WATER,2705972.63,270772.15,2705924.89,270665.3,-4.38762259427279e-05
137,2543199492432,C-PR-WATER,2706815.87,271091.07,2706803.55,271081.61,-3.883858762638955e-06
138,2543199492448,C-PR-WATER,2706803.55,271081.61,2706788.0,270963.22,-4.860366023536962e-05
139,2543199477056,C-PR-WATER,2706636.6,269758.61,2706636.86,269760.59,8.125156063174193e-07
140,2543199468656,C-PR-WATER,2706089.99,271697.56,2706089.98,271697.56,0.0
141,2543199468672,C-PR-WATER,2706089.3,271697.43,2706099.68,271699.28,7.599407229948386e-07
142,2543199481472,C-PR-WATER,2706186.35,271629.27,2706231.59,271597.21,-1.316830168150245e-05
143,2543199481648,C-PR-WATER,2706823.97,271152.52,2706815.87,271091.07,-2.5228630098117667e-05
144,2543199496608,C-PR-WATER,2706818.39,271174.92,2706820.24,271171.19,-1.5314193151026307e-06
145,2543199509424,C-PR-WATER,2705905.05,270568.47,2705884.82,270555.75,-5.223113441491527e-06
146,2543199509952,C-PR-WATER,2706682.05,270200.35,2706679.63,270200.67,1.3133706683310943e-07
147,2543199557648,C-PR-WATER,2706510.76,270498.51,2706483.3,270493.79,-1.937610971087584e-06
148,2543199557664,C-PR-WATER,2706506.21,270542.68,2706513.21,270501.97,-1.67117455500825e-05
149,2543199557728,C-PR-WATER,2706510.76,270498.51,2706513.21,270501.97,1.4203546942430146e-06
150,2543199583120,C-PR-WATER,2706643.99,269801.38,2706644.2,269802.83,5.950325769508917e-07
151,2543199591680,C-PR-WATER,2706651.76,269810.32,2706645.26,269811.17,3.4881324233966087e-07
152,2543199591712,C-PR-WATER,2706644.45,269804.81,2706645.26,269811.17,2.609943789807221e-06
153,2543855784608,C-PR-WATER,2705827.27,271889.12,2705826.19,271887.59,-6.28610762806314e-07
154,2543855785360,C-PR-WATER,2706774.62,271214.34,2706775.13,271215.06,2.9561988999600425e-07
155,2543855837936,C-PR-WATER,2705417.68,271669.0,2705666.62,271634.86,-1.402611114655873e-05
156,2543855838144,C-PR-WATER,2705870.38,271226.3,2705794.4,271119.11,-4.402640485171324e-05
