,ID,Sheet,Text,Block X,Block Y,Associated Text ID,Associated Text String
0,1850614991584,Model,396.000',2696482.2116074315,248392.98775899337,1850614992624,.0125
1,1850614991600,Model,173.000',2696352.9624050013,248343.39671372608,1850614992672,.01162
2,1850614991616,Model,173.000',2696582.2606659224,248303.44925180296,1850614992656,.01168
3,1850614991632,Model,178.000',2696147.172517897,248431.81563475775,1850614992272,.03
4,1850614991648,Model,173.000',2696142.380886059,248378.50780899517,1850615004096,1208
5,1850614992176,Model,.01,2696043.5232995115,248476.33821324309,1850614992480,20
6,1850614992192,Model,.0123,2696061.764210484,248469.54674549025,1850614992496,10
7,1850614992208,Model,.01404,2696264.2070134114,248428.95083331055,1850615004160,1201
8,1850614992224,Model,.03,2695995.5572357117,248442.1860651173,1850615004192,1223
9,1850614992240,Model,.0286,2695991.4184730984,248412.02521289553,1850614992224,.03
10,1850614992256,Model,.02863,2696132.7506408803,248392.15126095383,1850614991648,173.000'
11,1850614992272,Model,.03,2696137.5335248564,248422.2975409457,1850614991632,178.000'
12,1850614992288,Model,66.35,2696040.906699497,248437.6073106161,1850614992320,65.75
13,1850614992304,Model,66.45,2696031.941990847,248405.2752344162,1850614992432,26
14,1850614992320,Model,65.75,2696056.963185202,248430.07299991694,1850614992288,66.35
15,1850614992336,Model,65.71,2696055.6108331294,248402.24823095606,1850614992448,12
16,1850614992416,Model,12,2696019.011064625,248386.0865775802,1850614992432,26
17,1850614992432,Model,26,2696038.0115790702,248383.47926999352,1850614992448,12
18,1850614992448,Model,12,2696056.658266431,248380.92051562082,1850615004144,1214
19,1850614992464,Model,10,2696034.1740229307,248467.16244438096,1850614992176,.01
20,1850614992480,Model,20,2696049.2116740276,248465.09893279002,1850614992176,.01
21,1850614992496,Model,10,2696063.8954980406,248463.08397441302,1850614992192,.0123
22,1850614992528,Model,TWELFTH,2696227.9635154298,248090.19968654026,1850614992688,MARVINE
23,1850614992624,Model,.0125,2696463.2883480387,248376.9299618636,1850614991584,396.000'
24,1850614992656,Model,.01168,2696572.5827302835,248331.72963430677,1850614991616,173.000'
25,1850614992672,Model,.01162,2696351.0790842175,248362.99093141186,1850614991600,173.000'
26,1850614992688,Model,MARVINE,2696429.343189918,248056.37841553657,1850614992704,STREET
27,1850614992704,Model,STREET,2696447.3866177495,248053.8903058185,1850614992688,MARVINE
28,1850614992720,Model,.00905,2696742.167506956,248339.10199292033,1850614992736,.01035
29,1850614992736,Model,.01035,2696752.906886564,248307.94623044453,1850614992720,.00905
30,1850614992752,Model,.01522,2696704.82521274,248379.1106790923,1850614999040,.01497
31,1850614999040,Model,.01497,2696725.974378494,248369.40980102468,1850615004288,2201 N 11th ST
32,1850614999056,Model,ELEVENTH,2696670.9322664733,248026.68846689773,1850614992704,STREET
33,1850615003872,Model,1200,2696207.793530879,248344.12226271676,1850615004048,1202
34,1850615003888,Model,1203,2696220.3495598156,248445.47906215978,1850615004160,1201
35,1850615003904,Model,1205,2696202.4919785312,248447.92953302964,1850615003920,1207
36,1850615003920,Model,1207,2696186.5951942196,248450.1109374573,1850615003936,1209
37,1850615003936,Model,1209,2696171.1419930197,248452.23147207976,1850615003920,1207
38,1850615003952,Model,1211,2696155.027261425,248454.44278388738,1850615003936,1209
39,1850615003968,Model,1213,2696138.717000451,248456.68092682294,1850615003984,1215
40,1850615003984,Model,1215,2696122.8202161393,248458.8623312506,1850615003968,1213
41,1850615004000,Model,1217,2696106.667030234,248461.07891987404,1850615004016,1219
42,1850615004016,Model,1219,2696091.598402802,248463.1466821305,1850615004000,1217
43,1850615004032,Model,1221,2696076.5092775817,248465.217257155,1850614992496,10
44,1850615004048,Model,1202,2696195.393242696,248358.29030444706,1850615003872,1200
45,1850615004064,Model,1204,2696175.1043823236,248361.07440272637,1850615004080,1206
46,1850615004080,Model,1206,2696155.9522203356,248363.70251984367,1850615004064,1204
47,1850615004096,Model,1208,2696135.867867719,248366.45855495532,1850614991648,173.000'
48,1850615004112,Model,1210,2696115.9290516768,248369.19461910162,1850615004128,1212
49,1850615004128,Model,1212,2696096.4268644406,248371.87076773346,1850615004112,1210
50,1850615004144,Model,1214,2696073.081678754,248375.0742641402,1850614992448,12
51,1850615004160,Model,1201,2696234.90181878,248443.48215753323,1850615003888,1203
52,1850615004176,Model,1216,2695993.0447066696,248378.4632385304,1850614992416,12
53,1850615004192,Model,1223,2696008.2466995893,248466.20681358795,1850614992464,10
54,1850615004208,Model,2148 N MARVINE ST,2696393.1748540667,248323.87548897165,1850614991600,173.000'
55,1850615004224,Model,1101,2696553.6285356274,248401.17358244027,1850614991584,396.000'
56,1850615004240,Model,1101,2696379.179770703,248425.11196524434,1850614992672,.01162
57,1850615004256,Model,2147 N MARVINE ST,2696518.8581660134,248307.47286387655,1850614992656,.01168
58,1850615004272,Model,2200 N 11th ST,2696635.6599462447,248386.63369612733,1850614992752,.01522
59,1850615004288,Model,2201 N 11th ST,2696742.443068365,248373.59734928655,1850614999040,.01497
60,1850615004304,Model,2101-67,2696738.2429543994,248274.9395084091,1850614992736,.01035
