,ID,Sheet,Width,Height,PaperSpace Coordinate TopLeft X,PaperSpace Coordinate TopLeft Y,PaperSpace Coordinate BotRight X,PaperSpace Coordinate BotRight Y,ModelSpace Coordinate TopLeft X,ModelSpace Coordinate TopLeft Y,ModelSpace Coordinate BotRight X,ModelSpace Coordinate BotRight Y
0,1983818676352,W1,26.9265132066814,13.002290735222626,2.915583683993191,21.924057990257463,29.84209689067459,8.921767255034837,2705391.9902256182,272374.00578466937,2705684.5322455964,271852.41415261204
1,1983818673856,W1,4.659171968082514,12.534746498224472,29.493985573290075,21.924057990257463,34.15315754137259,9.389311492032991,2705827.752267777,272069.57842742215,2705760.5687905285,271810.7010814525
2,1983818689280,W1,22.037866580517317,6.430851017810742,1.500000043296982,6.930851009245195,23.5378666238143,0.4999999914344535,2705966.427571385,272562.77386375197,2706023.474053567,272490.8150127835
3,1983818755520,W10,14.519638109054995,6.652292178108439,1.5959961238639266,7.645591391531077,16.11563423291892,0.9932992134226382,2706972.7902514706,271850.63257231755,2707004.7888436923,271795.3400926029
4,2018505709712,W10,20.713366295609156,10.958235836349761,6.455275271307897,20.08876257125192,27.168641566917053,9.130526734902158,2705603.3779635536,271007.22094469145,2706021.7304137796,271218.48346398363
5,2018505710112,W10,2.7671632585653256,10.958235836349761,26.99841738800155,20.08876257125192,29.765580646566875,9.130526734902158,2705840.9509974024,271342.4333477326,2706051.762951761,271260.85897715954
6,2018505710176,W10,23.31030537525254,2.49644183734123,6.45527527131372,22.392848770497874,29.76558064656626,19.896406933156644,2705565.7810727134,271033.8667589248,2705876.090868512,271385.3619770525
7,2018505710240,W10,2.634446366035224,10.958235836349761,4.013351690063438,20.08876257125192,6.647798056098662,9.130526734902158,2705575.1381163904,270967.3748945078,2705784.415254185,270883.6349180982
8,2018505710656,W11,15.178579523589548,5.926272291046388,1.5568198860576672,7.187466811535863,16.735399409647215,1.2611945204894752,2707078.288223938,271774.00058100733,2707114.116500453,271719.55337878416
9,2018505706160,W11,4.994580623518914,10.77691095180806,30.090123282560512,22.334071836586343,35.084703906079426,11.55716088477828,30.090123282560512,22.334071836586343,35.084703906079426,11.55716088477828
10,2018505706240,W11,23.82428714830045,10.758236692307023,6.690132197816009,22.334071836641385,30.51441934611646,11.575835144334363,2705906.603403112,271056.0407772955,2706170.9412128204,270604.97531829914
11,2018505706320,W11,4.985938202201166,10.758236692307023,2.06752228718515,22.334071836641385,7.053460489386316,11.575835144334363,2705831.1740434417,271109.4993655126,2705788.117410246,270876.2916878272
12,2018505706944,W11,23.892671352928744,2.7336033919492557,6.621747993377014,12.059284528937951,30.514419346305758,9.325681136988695,2705786.6638427423,270889.1729430634,2706144.919104357,270568.25846804085
13,2018505711424,W12,15.128223016046206,5.9426603797365445,1.592455231859077,7.564398255311019,16.720678247905283,1.6217378755744747,2707192.622040177,271694.17884927633,2707228.2480861396,271639.79461656185
14,2018505690160,W12,24.87779431129634,15.34166102740276,10.624190260557057,22.593727730913347,35.5019845718534,7.252066703510589,2706348.2375164884,270855.1380536815,2706576.7604885534,270317.0992666146
15,2018505690432,W12,5.269691540496485,10.758236692100912,5.7745650259089185,18.021001190370242,11.044256566405403,7.2627644982693305,2706216.2221305817,270836.6065924226,2706177.7956377263,270600.11742373
16,2018505689792,W13,14.774188077973974,6.241590734368678,1.5617170372610758,7.5779258472338284,16.33590511523505,1.3363351128651502,2707303.1501644375,271615.9088206916,2707336.929406724,271561.36789803294
17,2018505681072,W13,21.826023625192487,10.220253248875416,5.626983169827485,20.486323941722972,27.453006795019974,10.266070692847556,2705741.694214026,270399.8206745173,2706067.957561776,270754.62171935575
18,2018505681136,W13,6.82490379642384,10.220253248875416,23.89580223809591,20.486323941722972,30.72070603451975,10.266070692847556,2705851.618566816,270748.2694321893,2706087.6194634386,270816.9479012612
19,1983818722560,W14,20.244742536641695,6.118237109098651,1.9466616196152131,7.5453369379757405,22.191404156256908,1.4270998288770897,2707404.02717658,271546.9575791603,2707455.9448452215,271480.1663035774
20,1983818722608,W14,24.02436557791993,12.008413163208258,6.656279993646059,20.48061892900392,30.68064557156599,8.47220576579566,2706623.5730565423,270649.9446819021,2706924.349834585,271095.0089256221
21,1983818729488,W14,33.785382203748384,14.757357213068811,1.5019845718533986,23.229562978923507,35.28736677560178,8.472205765854696,2706555.6204318264,270554.9087799066,2706936.364913463,271186.3565582145
22,1983818721344,W15,19.792798133445814,7.421471690955002,1.6547231071057809,9.091179394961806,21.447521240551595,1.6697077040068038,2707516.1363743437,271469.5397911433,2707563.56485644,271399.540713572
23,1983818721392,W15,24.02436304284477,10.802596526851941,6.489836814910966,22.50736265348545,30.514199857755735,11.704766126633508,2706584.8242046894,270170.41718815267,2706861.6905873227,270618.62634769996
24,1983818730688,W15,5.412572856206303,10.802417501367692,1.5019845718534022,22.50736265348545,6.914557428059705,11.704945152117759,2706571.8150740117,270071.51202894194,2706800.1353278854,270150.6645980104
25,1983818730848,W15,4.987784714097664,10.802596526851941,30.51419985775573,22.50736265348545,35.5019845718534,11.704766126633508,2706647.483654697,270646.8012781163,2706874.6995418733,270717.53016786464
26,1983818742288,W16,19.77857143369073,6.55683063009889,1.8282529135958328,7.84240426564017,21.60682434728656,1.2855736355412795,2707623.327254722,271385.47407749883,2707672.7091446863,271318.32966896414
27,1983818735248,W16,24.024390753107852,10.473935023643435,6.4264606428368225,20.47813779131514,30.450851395944674,10.004202767671707,2706543.2687546355,269691.2584226567,2706813.618109609,270140.32532995
28,1983818751840,W16,31.268084205088428,11.163478717945413,4.233900366764971,21.902943649097047,35.5019845718534,10.739464931151636,2706509.297429215,269651.4978150917,2706812.2126209615,270242.4029823537
29,1983818743376,W17,20.96786624323502,5.422571129861858,1.5019845718534022,7.563569602796761,22.46985081508842,2.1409984729349034,2707737.7055516387,271313.3566203936,2707793.592166031,271247.16310409113
30,1983818743424,W17,25.22569509382592,12.310008865781173,6.489866758448844,22.23891381189663,31.715561852274764,9.928904946115459,2706305.573233953,269351.54479457985,2706796.5341224256,269623.7693535143
31,2018505714864,W17,5.310910156732504,9.738533579336936,1.5019845718534013,19.667397305674037,6.812894728585905,9.928863726337099,2706290.5213670884,269240.32380895416,2706511.0007388727,269215.69115166244
32,1983818734224,W18,20.96786624323502,4.950196392027301,1.5019845718534022,6.536849180826891,22.46985081508842,1.58665278879959,2707845.794882393,271235.7032760206,2707902.77420631,271171.0511887807
33,1983818735472,W18,24.594288357415685,10.119703212017722,5.027179430646136,20.740364142015324,29.62146778806182,10.620660929997602,2706026.859854467,268982.15469606116,2706507.2970734984,269210.39807089814
34,2018505681504,W18,31.591439032271836,11.0047932727168,2.746115520423615,21.62545428434484,34.33755455269545,10.620661011628043,2705983.0926103885,268960.26672796166,2706570.6833685082,269280.2462432319
35,1983818677872,W2,22.108752646786627,11.06690524461596,7.64525911682885,21.8117806765191,29.754011763615477,10.74487543190314,2705833.459672579,272065.5911821082,2706066.2346493243,271629.32848659245
36,1983818673488,W2,4.832059858294894,11.086009304043113,29.517845081291327,21.830884736204588,34.349904939586224,10.744875432161473,2706190.5861542416,271812.95542648516,2706141.2280583917,271576.1788669895
37,1983818673568,W2,4.567783105501356,11.066905243231151,3.2701516751661757,21.8117806765191,7.837934780667531,10.74487543328795,2705762.068930995,272116.18750525184,2705708.619434335,271882.7789281997
38,1983818689472,W2,22.111265484170442,5.513346451257003,1.499999886999806,6.812014465703697,23.611265371170248,1.2986680144466942,2706075.6603690474,272484.8061204024,2706135.06850636,272415.67177170806
39,1983818685328,W3,24.950605855793402,10.793167015883741,7.582136138469862,19.329571182629877,32.53274199426326,8.536404166746138,2705921.8129635565,271425.55140152265,2706386.4738069545,271707.8639402249
40,1983818672704,W3,29.702718110654857,14.419092046831274,5.211239344094622,21.455107610701575,34.91395745474948,7.036015563870301,2705859.7111098687,271411.4452902498,2706438.494152734,271729.3680043559
41,1983818689152,W3,15.21652804573256,6.020653530230948,1.781225429342527,6.9603816246711645,16.997753475075086,0.9397280944402162,2706198.749699265,272398.77943868475,2706234.483505253,272343.9364812327
42,1983818713616,W4,18.694318267967112,9.051297887676139,9.121823562304705,21.395027177244415,27.816141830271818,12.343729289568275,2706347.0265476573,271652.20431503915,2706547.396221648,271288.31779161963
43,1983818705616,W4,3.6506916026181386,8.346751328966292,27.570975294417877,20.690480619218064,31.221666897036016,12.343729290251773,2706639.9224766186,271427.35101551673,2706602.9658192587,271248.9342909852
44,1983818705696,W4,4.374629347388918,9.828231135752533,4.983404817848424,21.316598470699113,9.358034165237342,11.488367334946581,2706278.590974058,271698.7836713847,2706236.3144522407,271487.8208820955
45,1983818689088,W4,22.105631777381717,6.132355050236573,1.5059989944720087,6.595508371299758,23.611630771853726,0.4631533210631851,2706308.637953849,272318.4216073623,2706366.595967467,272247.28018252546
46,1983818714736,W5,21.898831144739766,5.770033973878553,1.5019845718534022,7.064365698920412,23.40081571659317,1.2943317250418591,2706406.031479302,272249.78131247853,2706464.152618792,272180.3006338072
47,1983818714816,W5,22.34675483908922,12.751342539092839,8.344153506588922,21.11369152070253,30.69090834567814,8.362348981609692,2706663.320411283,271451.8852164388,2706880.49915832,270985.3843461584
48,1983818706720,W5,4.927632895708947,10.97886440517109,3.557717446706899,21.13556934460815,8.485350342415845,10.156704939437063,2706585.470829997,271507.5953773702,2706538.9113323777,271271.4618899682
49,1983818722176,W5,13.058507081512232,7.264479295898816,17.632401264165907,15.07761256350063,30.69090834567814,7.813133267601813,2706745.076459279,271245.9768244727,2706874.1477038437,270976.422528047
50,1983818738048,W6,14.971877291514204,6.592567720014209,1.606931755236161,7.882319475981014,16.578809046750365,1.2897517559668046,2706531.9930111193,272165.2241612299,2706565.6055630213,272109.08069921256
51,1983818738864,W6,19.379745681605144,11.297486982194759,9.394151047608332,22.61395471090207,28.773896729213476,11.316467728707314,2705340.569504406,271814.5634151052,2705693.6947903424,271537.8223188606
52,2018505726064,W6,29.114209664238928,14.206080394057679,3.761052683463248,22.179597605630015,32.875262347702176,7.973517211572336,2705227.776241134,271821.3357906684,2705765.828182244,271460.3924731216
53,1983818746320,W7,14.964591043148687,6.52016384412795,1.9727366182058574,8.000785941207738,16.937327661354544,1.480622097079788,2706643.5338841095,272087.487218399,2706677.29017249,272031.5968136673
54,1983818746368,W7,17.52739526424879,9.885307359455553,9.803808078727684,22.10782576565711,27.331203342976472,12.222518406201559,2705719.2268345403,271735.1657476121,2705956.203832077,271409.87594761426
55,1983818747504,W7,24.259133579347292,12.239682147830699,5.502097277490293,22.10782576565711,29.761230856837585,9.868143617826412,2705640.941291941,271770.84851657826,2705980.897591311,271346.8722659004
56,1983818725376,W8,14.8134154829078,5.581787205174645,1.4740685298115181,6.995878813799841,16.287484012719318,1.414091608625196,2706755.224261609,272002.03741602006,2706790.657584206,271949.5590467007
57,1983818726096,W8,21.78325406970688,8.719925566890742,6.976982204589463,19.702577173298906,28.760236274296346,10.982651606408162,2706198.7920548697,271442.99634865276,2706453.397573959,271048.79470792535
58,1983818726160,W8,4.961581971607558,8.719925566890742,28.60513599908684,19.702577173298906,33.5667179706944,10.982651606408162,2706551.7090915875,271192.87561816897,2706531.827258409,270993.2097178988
59,1983818726224,W8,4.664884534346153,8.719925566890742,2.3928739096616476,19.702577173298906,7.057758444007801,10.982651606408162,2706123.990944668,271496.00968147063,2706099.267756034,271299.77496540814
60,1983818726880,W9,15.707078218474635,6.098337546165233,1.7413001438643505,6.951361998640472,17.448378362338985,0.8530244524752391,2706863.552917333,271926.6323152409,2706900.707959754,271870.40122726886
61,1983818754176,W9,5.4474306434450845,11.0396183230626,4.855864782064264,20.12868985997667,10.303295425509349,9.089071536914073,2706393.38332741,270592.930090471,2706626.4980004826,270672.1552034842
62,1983818754256,W9,26.373794222739527,11.673910827891165,9.183114960868423,20.762982364805236,35.55690918360795,9.089071536914073,2706392.091982398,270680.39037211204,2706692.3635364934,271172.91436146677
63,2018505703200,W9,16.072082931006875,1.1403251138267319,9.183175946178363,9.286172646611934,25.255258877185238,8.1458475327852,2706619.6682017767,270650.45830071863,2706684.1985544027,270966.180821348
64,2018505705616,W9,13.618210480575769,1.4075121158198982,10.303290070529844,21.37215735200102,23.921500551105613,19.964645236181124,2706382.934123969,270704.1913848115,2706446.362484366,270970.55869120837
